1111
2222
4444
8888
1111
1111
3333
3333
1238
1239
123a
123b
123c
123d
123e
123f
1240
1241
1242
1243
1244
1245
1246
1247
1248
1249
124a
124b
124c
124d
124e
124f
2340
2341
2342
2343
1111
2222
4444
8888
2348
2349
234a
234b
234c
234d
234e
234f
2350
2351
2352
2353
2354
2355
2356
2357
2358
2359
235a
235b
235c
235d
235e
235f
0000
0000
0000
0000
1111
1111
1111
1111
0000
0000
0000
0000
0000
0000
0000
0000
0000
0000
0000
0000
0000
0000
0000
0000
0000
0000
0000
0000
0000
0000
0000
0000
0000
0000
0000
0000
0000
0000
0000
0000
0000
0000
0000
0000
0000
0000
0000
0000
0000
0000
0000
0000
0000
0000
0000
0000
0000
0000
0000
0000
0000
0000
0000
0000
0000
0000
0000
0000
0000
0000
0000
0000
0000
0000
0000
0000
0000
0000
0000
0000
0000
0000
0000
0000
0000
0000
0000
0000
0000
0000
0000
0000
0000
0000
0000
0000
0000
0000
0000
0000
0000
0000
0000
0000
0000
0000
0000
0000
0000
0000
0000
0000
0000
0000
0000
0000
0000
0000
0000
0000
